2 5 30 2658 1812 102 291 2184 91 3 6919 3 447 5032 4 1847 335 13 447 9 12 3 73 47 6356 327 75 1982
2 5 30 2658 1812 102 291 2184 91 3 6919 3 447 5032 4 1847 335 13 447 9 12 3 73 47 6356 327 75
2 5 30 2658 1812 102 291 2184 91 3 6919 3 447 5032 4 1847 335 13 447 9 12 3 73 47 6356 327
2 5 30 2658 1812 102 291 2184 91 3 6919 3 447 5032 4 1847 335 13 447 9 12 3 73 47
2 5 30 2658 1812 102 291 2184 91 3 6919 3 447 5032 4 1847 335 13 447 9 12 3 73
2 5 30 2658 1812 102 291 2184 91 3 6919 3 447 5032 4 1847 335 13 447 9
2 5 30 2658 1812 102 291 2184 91 3 6919 3 447 5032 4 1847 335 13
2 5 30 2658 1812 102 291 2184 91 3 6919 3 447 5032 4
2 5 30 2658 1812 102 291 2184 91 3 6919 3
2 5 30 2658 1812 102 291 2184 91 3
2 5 30 2658 1812 102 291
2 5 30 2658 1812
2 5 30 2658
2 5 30
2 5
2 5 30 22 866 11 856 572 189 1388 3 22 24 745 3024 696 127
2 5 30 22 866 11 856 572 189 1388 3 22 24 745 3024 696
2 5 30 22 866 11 856 572 189 1388 3 22 24 745
2 5 30 22 866 11 856 572
2 5 30 22 866 11 856
2 5 30 22 866 11
2 5 30 22 866
2 5 30 22
2 5
2 5 51 29 210 210 56 23 269 312 46 152 15 457 150 3 33 269 312
2 5 51 29 210 210 56 23 269 312 46 152 15 457 150 3 33 269
2 5 51 29 210 210 56 23 269 312 46 152 15 457 150 3 33
2 5 51 29 210 210 56 23 269 312 46 152 15 457 150 3
2 5 51 29 210 210 56 23 269
2 5 51 29 210 210 56 23
2 5 51 29 210 210
2 5 51 29 210
2 5 51 29
2 5 51
2 5
2 5 342 71 135 73 100 1124 38 497 459 73 47 777 54 1081 2433 222 0 651 381 469 3 617 88 60 1741 153 235 160 912 342 912 0 222 215 806 4 38 642 106 0 3 122 26 806 623 7 1748 1608 384 2235 3 127 288 803 0
2 5 342 71 135 73 100 1124 38 497 459 73 47 777 54 1081 2433 222 0 651 381 469 3 617 88 60 1741 153 235 160 912 342 912 0 222 215 806 4 38 642 106 0 3 122 26 806 623 7 1748 1608 384 2235 3 127
2 5 342 71 135 73 100 1124 38 497 459 73 47 777 54 1081 2433 222 0 651 381 469 3 617 88 60 1741 153 235 160 912 342 912 0 222 215 806 4 38 642 106 0 3 122 26 806 623 7 1748 1608 384 2235 3
2 5 342 71 135 73 100 1124 38 497 459 73 47 777 54 1081 2433 222 0 651 381 469 3 617 88 60 1741 153 235 160 912 342 912 0 222 215 806 4 38 642 106 0 3 122 26 806 623 7 1748
2 5 342 71 135 73 100 1124 38 497 459 73 47 777 54 1081 2433 222 0 651 381 469 3 617 88 60 1741 153 235 160 912 342 912 0 222 215 806 4 38 642 106 0 3 122 26 806 623 7
2 5 342 71 135 73 100 1124 38 497 459 73 47 777 54 1081 2433 222 0 651 381 469 3 617 88 60 1741 153 235 160 912 342 912 0 222 215 806 4 38 642 106 0 3 122
2 5 342 71 135 73 100 1124 38 497 459 73 47 777 54 1081 2433 222 0 651 381 469 3 617 88 60 1741 153 235 160 912 342 912 0 222 215 806 4 38 642

