1 38
1 38 1245
1 38 1245 1982
1 38 1245 1982 75 327
1 38 1245 1982 75 327 6356
1 38 1245 1982 75 327 6356 47 73 3
1 38 1245 1982 75 327 6356 47 73 3 12 9
1 38 1245 1982 75 327 6356 47 73 3 12 9 447 13 335
1 38 1245 1982 75 327 6356 47 73 3 12 9 447 13 335 1847 4 5032
1 38 1245 1982 75 327 6356 47 73 3 12 9 447 13 335 1847 4 5032 447 3
1 38 1245 1982 75 327 6356 47 73 3 12 9 447 13 335 1847 4 5032 447 3 6919 3 91
1 38 1245 1982 75 327 6356 47 73 3 12 9 447 13 335 1847 4 5032 447 3 6919 3 91 2184 291
1 38 1245 1982 75 327 6356 47 73 3 12 9 447 13 335 1847 4 5032 447 3 6919 3 91 2184 291 102
1 38 1245 1982 75 327 6356 47 73 3 12 9 447 13 335 1847 4 5032 447 3 6919 3 91 2184 291 102 1812
1 38 1245 1982 75 327 6356 47 73 3 12 9 447 13 335 1847 4 5032 447 3 6919 3 91 2184 291 102 1812 2658
1
1 170
1 170 127 696
1 170 127 696 3024 745 24 22 3 1388
1 170 127 696 3024 745 24 22 3 1388 189
1 170 127 696 3024 745 24 22 3 1388 189 572
1 170 127 696 3024 745 24 22 3 1388 189 572 856
1 170 127 696 3024 745 24 22 3 1388 189 572 856 11
1 170 127 696 3024 745 24 22 3 1388 189 572 856 11 866 22
1
1 11
1 11 312
1 11 312 269
1 11 312 269 33 3 150 457 15 152 46
1 11 312 269 33 3 150 457 15 152 46 312
1 11 312 269 33 3 150 457 15 152 46 312 269 23
1 11 312 269 33 3 150 457 15 152 46 312 269 23 56
1 11 312 269 33 3 150 457 15 152 46 312 269 23 56 210
1 11 312 269 33 3 150 457 15 152 46 312 269 23 56 210 210
1 11 312 269 33 3 150 457 15 152 46 312 269 23 56 210 210 29
1 38
1 38 497 0 803
1 38 497 0 803 288
1 38 497 0 803 288 127 3 2235 384
1 38 497 0 803 288 127 3 2235 384 1608
1 38 497 0 803 288 127 3 2235 384 1608 1748 7 623 806
1 38 497 0 803 288 127 3 2235 384 1608 1748 7 623 806 26 122 3 0

