1245 1412 1374 3516
787 1982 2194 5611 3885 2558 3879
3195 170 1584 2773 2620 5658 3819 1772 75 826 2548 4161
37 5847 3123 1547 4326 559 3162 5181 3601 9241 6356 1716 9730 5449 3336
47 2000 3686 5500 2001 4108
12 281 540 2101
441 768 686 2641 447 1079 3518
1847 1361 587 294 1272
441 768 686 2641 447 1079 3518
3850 748 6919
2277 1516 1124 1402 2843 2184 1182 3529 1748
102 2056 2758 1222 2294 2055
1377 1377 726 1812 1240 3029 3762 3295 181
231 2704 2017 2658
5672 6031 4730 30 4815 5766
3195 170 1584 2773 2620 5658 3819 1772 75 826 2548
2240 615 1377 3113 279 26 85 127 1018 1129 1180
2083 761 3866 1181 6393 3483 3024 1947 2949 3124
189 61 2373 1056 2802 1572
359 1364 572 2823 359
1496 856 3291
691 11
64 868 2593 893 1424 1869 1683 4058 866
5672 6031 4730 30 4815 5766
691 11
186 494 107 1970 1722 312 2311 3187 5276 4489
269 1610 169
33 698 922 642 1024 3454 1262
186 494 107 1970 1722 312 2311 3187 5276 4489
269 1610 169
56 3899 1771
1321 557 308 3498 1200 2459 2465 210
1321 557 308 3498 1200 2459 2465 210
29 1219 567 2828 3727 1142 1090
51 1417 1331 589 1560
198 586 2742 1444 497 483 1657 1908
100 979 288 1297 661 2464
2240 615 1377 3113 279 26 85 127 1018 1129 1180
1206 2388 2598 6421 1608 1886 2540 5249
2277 1516 1124 1402 2843 2184 1182 3529 1748
2240 615 1377 3113 279 26 85 127 1018
247 2521 106 3589

